1 565.02 1 1 567.98 3 9 568.86 4 16 565.99 2 4
2 662.84 4 16 619.35 3 9 617.48 2 4 614.23 1 1
3 664.73 4 16 629.59 3 9 620.50 2 4 618.04 1 1
4 857.84 4 16 809.13 2 4 817.71 3 9 803.51 1 1
5 949.98 4 16 858.98 3 9 858.95 2 4 841.63 1 1
6 1084.82 4 16 949.89 2 4 942.60 1 1 961.47 3 9
7 837.80 3 9 832.91 2 4 838.50 4 16 830.48 1 1
8 906.16 4 16 881.26 2 4 882.70 3 9 876.21 1 1
9 1000.27 4 16 955.95 3 9 921.97 2 4 918.45 1 1
10 1076.88 4 16 1052.65 2 4 1074.38 3 9 1050.11 1 1
11 1170.17 4 16 1107.47 2 4 1108.88 3 9 1100.95 1 1
12 1217.01 4 16 1184.58 3 9 1166.59 2 4 1158.88 1 1
13 1364.50 4 16 1296.33 1 1 1340.98 3 9 1305.83 2 4
14 1464.20 4 16 1384.13 3 9 1367.91 2 4 1354.04 1 1
15 1544.21 4 16 1488.71 3 9 1454.91 2 4 1437.52 1 1
16 1064.89 4 16 1003.00 1 1 1007.26 3 9 1003.07 2 4
17 1104.67 4 16 1042.79 3 9 1035.23 1 1 1042.61 2 4
18 1202.00 4 16 1141.94 3 9 1110.13 1 1 1118.63 2 4
19 887.22 4 16 813.98 1 1 823.01 3 9 819.81 2 4
20 963.06 4 16 852.89 1 1 859.06 2 4 860.12 3 9
21 952.29 4 16 914.04 2 4 915.38 3 9 909.06 1 1